0 0.264614 0.567319 0.027364 0.040353
0 0.292375 0.466925 0.027951 0.024734
0 0.484662 0.343959 0.027572 0.038568
0 0.538747 0.345823 0.030148 0.042296
0 0.374913 0.466955 0.028238 0.024709
0 0.402316 0.466977 0.026529 0.024665
0 0.264612 0.466963 0.027437 0.024690
0 0.292332 0.343960 0.027947 0.038570
0 0.319706 0.343962 0.026664 0.038574
0 0.319682 0.567324 0.026542 0.040370
0 0.319721 0.466980 0.026686 0.024613
0 0.292333 0.567307 0.027942 0.040355
0 0.457336 0.466969 0.027044 0.024686
0 0.430197 0.567320 0.027017 0.040407
0 0.457274 0.567312 0.027003 0.040403
0 0.374950 0.343966 0.028188 0.038582
0 0.402294 0.567316 0.026543 0.040419
0 0.374921 0.567319 0.028217 0.040395
0 0.264612 0.343965 0.027475 0.038578
0 0.319687 0.443652 0.026591 0.021469
0 0.346937 0.466978 0.027667 0.024667
0 0.346967 0.567319 0.027704 0.040325
0 0.484642 0.443743 0.027510 0.021593
0 0.292365 0.443689 0.027950 0.021541
0 0.457308 0.343965 0.026967 0.038579
0 0.402292 0.443734 0.026493 0.021552
0 0.430255 0.343967 0.027020 0.038584
0 0.264609 0.443718 0.027401 0.021581
0 0.594575 0.344541 0.031053 0.039732
0 0.402881 0.343976 0.027604 0.038601
0 0.374919 0.443722 0.028158 0.021584
0 0.346948 0.343966 0.027711 0.038582
0 0.457292 0.443722 0.026955 0.021574
0 0.430224 0.443721 0.026915 0.021547
0 0.511046 0.344197 0.025074 0.039043
0 0.346958 0.443729 0.026836 0.021597
0 0.430265 0.466975 0.023247 0.024673
0 0.648736 0.343573 0.028428 0.037796
0 0.593423 0.315184 0.189092 0.097269